image_width: 640
image_height: 480
camera_name: narrow_stereo
camera_matrix:
  rows: 3
  cols: 3
  data: [667.38828,   0.     , 340.96578,
           0.     , 623.48833, 226.79048,
           0.     ,   0.     ,   1.     ]
distortion_model: plumb_bob
distortion_coefficients:
  rows: 1
  cols: 5
  data: [0.160897, -0.348290, -0.004297, 0.005351, 0.000000]
rectification_matrix:
  rows: 3
  cols: 3
  data: [1., 0., 0.,
         0., 1., 0.,
         0., 0., 1.]
projection_matrix:
  rows: 3
  cols: 4
  data: [678.94434,   0.     , 343.18776,   0.     ,
           0.     , 635.38885, 224.87058,   0.     ,
           0.     ,   0.     ,   1.     ,   0.     ]
